3.38132806208241 0.053546203047430595 0.01583584972067273 10000 1 0 0 0 0 1 1 0 2 2 3 4 3 4 9 13 13 21 32 52 78 81 127 175 269 387 453 565 650 811 757 735 738 654 532 402 394 287 221 188 135 109 101 98 70 50 50 32 29 28 22 18 15 17 10 14 7 15 7 7 7 4 2 2 5 0 2 5 2 2 4 1 1 1 1 1 0 1 0 0 0 0 1 0 1 0 0 1 0 0 0 0 0 0 0 0 0 0 0 0
2.8715843483477945 0.11536561768724665 0.04017490127135699 10000 6 11 13 16 27 77 170 265 552 946 1296 1411 1339 1000 699 452 309 213 117 76 61 44 30 21 18 13 6 5 8 3 1 2 1 0 0 0 0 0 0 0 0 0 0 0 0 0 0 0 0 0 0 0 0 0 0 0 0 0 0 0 0 0 0 0 0 0 0 0 0 0 0 0 0 0 0 0 0 0 0 0 0 0 0 0 0 0 0 0 0 0 0 0 0 0 0 0 0 0 0 0
3.737059918488243 0.058102279836445246 0.01554759118230821 10000 1 0 0 1 0 0 0 1 0 0 1 5 5 10 16 19 28 41 80 93 171 245 344 443 522 701 851 952 931 845 696 618 477 371 275 219 151 126 111 64 52 41 38 32 22 20 13 21 9 6 8 10 7 6 2 5 2 2 2 3 4 3 2 0 2 0 2 3 0 1 0 0 0 1 0 0 0 0 0 0 0 0 0 0 0 0 0 0 0 0 0 0 0 0 0 0 0 0 0 0
2.1420107049381287 0.011338909005660454 0.005293581857233517 10000 1 0 0 4 0 1 0 1 1 0 0 1 0 1 0 0 1 0 0 0 1 0 0 1 2 0 3 1 3 2 3 2 4 0 5 2 0 5 4 4 5 3 7 5 4 6 9 9 6 7 8 8 10 12 12 13 16 8 15 13 21 16 10 16 16 13 19 18 20 25 25 16 19 26 24 30 34 32 21 35 39 31 51 29 69 43 49 42 55 51 55 69 68 71 65 75 106 86 70 83
3.3635193216019372 0.09886883909282695 0.029394461467145333 10000 2 0 0 1 7 12 36 60 133 225 395 710 1039 1411 1505 1247 889 602 439 261 194 140 97 50 35 29 24 18 11 12 8 6 2 3 1 0 0 2 0 0 3 0 0 0 0 0 0 0 0 0 0 0 0 0 0 0 0 0 0 0 0 0 0 0 0 0 0 0 0 0 0 0 0 0 0 0 0 0 0 0 0 0 0 0 0 0 0 0 0 0 0 0 0 0 0 0 0 0 0 0
2.8462903572696225 0.04543006511372494 0.015961149219261277 10000 1 1 1 1 0 4 4 5 12 11 9 15 14 27 15 34 50 43 50 73 114 134 208 255 273 333 434 449 517 604 594 588 610 565 477 416 360 285 241 201 174 148 131 113 89 89 73 50 39 36 36 31 28 23 16 13 16 15 12 11 13 8 5 5 2 4 3 4 4 5 2 2 1 3 1 3 2 0 3 0 0 0 0 1 0 0 0 1 0 1 0 0 0 1 0 0 3 0 0 0
2.8253812409401395 0.1870584578160562 0.06620644856897716 10000 2 15 79 216 601 1436 2185 1954 1271 597 317 138 78 61 32 16 19 6 3 2 0 0 0 0 0 0 0 0 0 0 0 0 0 0 0 0 0 0 0 0 0 0 0 0 0 0 0 0 0 0 0 0 0 0 0 0 0 0 0 0 0 0 0 0 0 0 0 0 0 0 0 0 0 0 0 0 0 0 0 0 0 0 0 0 0 0 0 0 0 0 0 0 0 0 0 0 0 0 0 0
3.880365447741771 0.2101254804733701 0.054150951322292425 10000 2 10 38 123 569 2114 3224 2228 869 298 131 74 37 32 10 7 5 3 2 1 2 0 0 0 0 0 0 0 0 0 0 0 0 0 0 0 0 0 0 0 0 0 0 0 0 0 0 0 0 0 0 0 0 0 0 0 0 0 0 0 0 0 0 0 0 0 0 0 0 0 0 0 0 0 0 0 0 0 0 0 0 0 0 0 0 0 0 0 0 0 0 0 0 0 0 0 0 0 0 0
2.4961749756744895 0.06990975074971897 0.028006750901277952 10000 0 0 1 1 1 2 2 2 2 3 4 6 4 15 12 16 20 26 27 31 61 61 145 161 273 343 448 507 637 734 754 730 667 540 484 397 325 256 222 159 132 105 77 61 57 55 32 36 23 16 13 9 13 10 6 6 4 7 5 2 1 0 1 1 1 2 1 0 0 0 0 0 0 0 0 0 0 0 0 0 0 0 0 0 0 0 0 0 0 0 0 0 0 0 0 0 0 0 0 0
1.9927697606232506 0.07974233902737303 0.040015831534112166 10000 1 2 0 0 1 6 6 3 10 15 20 26 41 60 112 116 197 240 296 429 502 529 671 680 570 567 517 462 354 273 204 182 132 119 97 68 55 56 49 47 26 18 20 15 7 11 10 5 2 5 5 2 6 3 1 1 1 0 1 1 0 0 0 0 0 0 0 0 0 0 0 0 0 0 0 0 0 0 0 0 0 0 0 0 0 0 0 0 0 0 0 0 0 0 0 0 0 0 0 0
2.182091345918028 0.01713074460510364 0.007850608379502355 10000 0 0 0 0 0 1 1 1 1 2 1 1 1 1 0 0 2 1 3 0 2 1 0 2 1 4 2 6 6 7 1 7 4 3 5 10 2 8 11 5 4 9 11 6 7 4 19 20 18 19 17 14 32 24 28 44 31 39 39 51 46 55 62 57 64 71 61 69 103 76 99 93 104 91 131 149 129 131 137 137 152 159 168 168 168 177 176 189 183 186 151 179 185 186 165 164 169 146 141 150
2.1960732627925177 0.11367342745444826 0.051762128969186395 10000 1 1 8 18 16 47 65 109 198 339 558 763 974 1077 1029 866 672 504 303 210 164 102 85 56 35 24 23 15 7 10 5 1 1 1 2 0 0 0 0 0 0 0 0 0 0 0 0 0 0 0 0 0 0 0 0 0 0 0 0 0 0 0 0 0 0 0 0 0 0 0 0 0 0 0 0 0 0 0 0 0 0 0 0 0 0 0 0 0 0 0 0 0 0 0 0 0 0 0 0 0
3.994103688891272 0.3852022759420417 0.09644273307510713 10000 84 1183 5194 2716 453 103 36 11 5 3 2 0 0 0 0 0 0 0 0 0 0 0 0 0 0 0 0 0 0 0 0 0 0 0 0 0 0 0 0 0 0 0 0 0 0 0 0 0 0 0 0 0 0 0 0 0 0 0 0 0 0 0 0 0 0 0 0 0 0 0 0 0 0 0 0 0 0 0 0 0 0 0 0 0 0 0 0 0 0 0 0 0 0 0 0 0 0 0 0 0
2.6798240517235534 0.16442890704417912 0.06135809809544218 10000 1 18 37 85 233 538 1130 1706 1817 1363 851 462 248 154 87 59 30 14 14 6 11 4 2 1 1 1 0 0 0 2 0 0 0 0 0 0 0 0 0 0 0 0 0 0 0 0 0 0 0 0 0 0 0 0 0 0 0 0 0 0 0 0 0 0 0 0 0 0 0 0 0 0 0 0 0 0 0 0 0 0 0 0 0 0 0 0 0 0 0 0 0 0 0 0 0 0 0 0 0 0
1.8488025745464554 0.07347799389129817 0.03974355883257229 10000 2 1 3 5 2 0 0 3 0 2 2 6 25 32 37 45 70 86 113 150 196 271 360 419 463 520 516 514 433 488 420 327 305 263 194 190 146 119 78 81 63 51 44 32 40 22 24 28 11 15 10 4 5 8 3 2 6 6 2 2 0 0 1 2 0 2 0 0 0 0 0 0 0 0 0 0 0 0 0 0 0 0 0 0 0 0 0 0 0 0 0 0 0 0 0 0 0 0 0 0
3.9747063896872996 0.2589491885517329 0.06514926215017987 10000 5 44 242 1428 3557 2852 1092 320 132 60 22 12 10 5 0 0 0 0 1 0 0 0 0 0 0 0 0 0 0 0 0 0 0 0 0 0 0 0 0 0 0 0 0 0 0 0 0 0 0 0 0 0 0 0 0 0 0 0 0 0 0 0 0 0 0 0 0 0 0 0 0 0 0 0 0 0 0 0 0 0 0 0 0 0 0 0 0 0 0 0 0 0 0 0 0 0 0 0 0 0
3.8052969656241125 0.079629671523136 0.020926007153314465 10000 3 7 13 31 47 83 149 220 413 607 909 1212 1295 1251 973 745 557 328 232 161 111 101 61 50 34 31 28 23 15 10 7 8 4 5 2 1 2 1 0 1 2 3 0 0 1 0 0 1 0 0 1 0 0 0 0 0 0 0 0 0 0 0 0 0 0 0 0 0 0 0 0 0 0 0 0 0 0 0 0 0 0 0 0 0 0 0 0 0 0 0 0 0 0 0 0 0 0 0 0 0
2.3679020576108654 0.052440051632686654 0.022146208059634413 10000 0 1 4 3 7 5 8 10 14 13 24 29 38 50 64 92 115 166 194 307 308 390 459 550 549 573 570 562 512 455 400 363 296 273 210 188 163 115 108 85 72 66 48 48 41 28 35 22 18 12 16 13 11 11 10 2 4 8 2 1 3 2 3 1 1 1 0 1 0 1 0 0 0 0 0 0 0 0 0 0 0 0 0 0 0 0 0 0 0 0 0 0 0 0 0 0 0 0 0 0
3.2387223181965084 0.14526259297806912 0.04485182078189371 10000 13 43 88 191 432 960 1638 2057 1732 1015 577 329 194 91 76 39 18 12 13 9 2 2 5 3 0 1 1 0 0 0 0 0 0 0 0 0 0 0 0 0 0 0 0 0 0 0 0 0 0 0 0 0 0 0 0 0 0 0 0 0 0 0 0 0 0 0 0 0 0 0 0 0 0 0 0 0 0 0 0 0 0 0 0 0 0 0 0 0 0 0 0 0 0 0 0 0 0 0 0 0
1.212238963803678 0.09078139669693257 0.07488737733036159 10000 1 1 9 4 6 6 6 16 11 14 14 10 8 14 19 18 13 8 10 9 8 16 6 7 5 7 0 2 1 4 1 2 6 3 5 4 15 10 11 6 14 13 13 12 10 1 0 0 0 0 0 0 0 0 0 0 0 0 0 0 0 0 0 0 0 0 0 0 0 0 0 0 0 0 0 0 0 0 0 0 0 0 0 0 0 0 0 0 0 0 0 0 0 0 0 0 0 0 0 0
1.4507446188958644 0.039595208550283145 0.027293024585139145 10000 0 2 1 3 1 2 2 3 3 2 1 2 3 1 2 3 5 4 9 6 7 10 11 13 6 8 13 11 18 23 20 24 38 30 43 51 59 56 62 65 65 100 95 86 110 112 105 140 140 153 141 157 164 146 152 158 156 168 169 168 167 158 128 122 114 123 115 121 118 94 89 76 75 63 63 65 52 37 42 35 25 31 32 29 21 26 18 12 13 15 16 8 6 8 3 7 7 2 3 3 
1.3262750991722805 0.12069554005665357 0.09100339750929416 10000 1 2 1 3 1 3 6 4 3 3 11 16 10 9 9 7 5 3 1 0 0 0 0 0 0 0 0 0 0 0 0 0 0 0 0 0 0 0 0 0 0 0 0 0 0 0 0 0 0 0 0 0 0 0 0 0 0 0 0 0 0 0 0 0 0 0 0 0 0 0 0 0 0 0 0 0 0 0 0 0 0 0 0 0 0 0 0 0 0 0 0 0 0 0 0 0 0 0 0 0
2.911267777657127 0.06005934565860939 0.020629962698567966 10000 0 1 0 1 3 7 2 11 9 12 27 43 47 70 93 138 190 260 331 471 540 621 745 750 737 752 651 538 463 392 269 234 178 146 88 108 88 60 54 35 37 27 28 21 11 14 15 10 6 5 4 3 4 3 3 2 0 1 1 1 0 0 1 0 0 0 0 0 0 1 0 0 0 0 0 0 0 0 0 0 0 0 0 0 0 0 0 0 0 0 0 0 0 0 0 0 0 0 0 0
3.644276122037982 0.19638482207149857 0.053888568125752954 10000 5 14 54 161 717 1887 2951 2058 1025 436 185 89 44 22 13 5 3 4 1 1 1 3 0 1 1 0 0 0 0 0 0 0 0 0 0 0 0 0 0 0 0 0 0 0 0 0 0 0 0 0 0 0 0 0 0 0 0 0 0 0 0 0 0 0 0 0 0 0 0 0 0 0 0 0 0 0 0 0 0 0 0 0 0 0 0 0 0 0 0 0 0 0 0 0 0 0 0 0 0 0
3.3200102882961566 0.30502120407725186 0.09187357194419721 10000 8 108 505 2201 3741 1996 590 189 80 30 11 6 1 0 1 1 0 0 0 0 0 0 0 0 0 0 0 0 0 0 0 0 0 0 0 0 0 0 0 0 0 0 0 0 0 0 0 0 0 0 0 0 0 0 0 0 0 0 0 0 0 0 0 0 0 0 0 0 0 0 0 0 0 0 0 0 0 0 0 0 0 0 0 0 0 0 0 0 0 0 0 0 0 0 0 0 0 0 0 0
3.8481360279361128 0.33092057844433664 0.08599503137154449 10000 15 171 1333 4472 2718 709 186 86 31 8 2 0 1 0 0 0 0 0 0 0 0 0 0 0 0 0 0 0 0 0 0 0 0 0 0 0 0 0 0 0 0 0 0 0 0 0 0 0 0 0 0 0 0 0 0 0 0 0 0 0 0 0 0 0 0 0 0 0 0 0 0 0 0 0 0 0 0 0 0 0 0 0 0 0 0 0 0 0 0 0 0 0 0 0 0 0 0 0 0 0
2.633836543390742 0.010904207603380182 0.004140047198731 10000 1 0 0 0 0 0 0 0 0 0 0 0 0 0 0 0 0 0 0 0 0 0 0 0 1 0 1 0 0 0 1 2 1 2 1 0 0 0 2 0 0 0 0 2 0 0 0 0 0 0 2 0 0 3 1 1 1 1 2 2 5 3 1 7 5 5 4 3 5 7 9 5 9 10 14 13 11 9 7 9 10 9 11 13 18 22 20 22 20 21 33 22 25 37 23 41 32 27 41 45
3.2567992190162744 0.14556222724384105 0.0446948729273549 10000 1 10 3 15 26 66 221 452 927 1584 1926 1723 1067 603 360 192 125 78 31 32 19 15 20 2 2 1 2 0 1 1 0 1 0 0 0 0 0 0 0 0 0 0 0 0 0 0 0 0 0 0 0 0 0 0 0 0 0 0 0 0 0 0 0 0 0 0 0 0 0 0 0 0 0 0 0 0 0 0 0 0 0 0 0 0 0 0 0 0 0 0 0 0 0 0 0 0 0 0 0 0
1.4664097872074016 0.07710136402127066 0.0525783206671723 10000 2 2 4 7 11 4 14 9 9 13 12 11 24 28 49 59 72 74 87 137 148 169 202 212 250 268 309 307 293 301 293 286 226 220 221 163 109 131 90 60 55 40 30 29 17 12 21 16 12 11 9 5 5 3 6 3 2 3 2 5 1 2 0 0 0 0 0 0 0 0 0 0 0 0 0 0 0 0 0 0 0 0 0 0 0 0 0 0 0 0 0 0 0 0 0 0 0 0 0 0
3.143145080862035 0.26148702762560555 0.08319279603660244 10000 3 4 26 84 419 1683 3258 2367 945 318 121 58 39 10 10 2 3 0 0 0 0 0 0 0 0 0 0 0 0 0 0 0 0 0 0 0 0 0 0 0 0 0 0 0 0 0 0 0 0 0 0 0 0 0 0 0 0 0 0 0 0 0 0 0 0 0 0 0 0 0 0 0 0 0 0 0 0 0 0 0 0 0 0 0 0 0 0 0 0 0 0 0 0 0 0 0 0 0 0 0
2.3953076955922357 0.14872419559587172 0.06208980828206287 10000 0 1 3 10 18 68 124 276 518 923 1312 1468 1279 977 626 349 227 154 110 77 54 23 14 12 4 5 1 0 0 0 0 0 0 0 0 0 0 0 0 0 0 0 0 0 0 0 0 0 0 0 0 0 0 0 0 0 0 0 0 0 0 0 0 0 0 0 0 0 0 0 0 0 0 0 0 0 0 0 0 0 0 0 0 0 0 0 0 0 0 0 0 0 0 0 0 0 0 0 0 0
3.0118806620891783 0.1818506364417791 0.060377769521465424 10000 0 6 22 61 209 602 1388 2237 2101 1304 665 335 173 74 58 25 27 12 12 5 6 6 1 1 0 0 0 1 0 0 0 0 0 0 0 0 0 0 0 0 0 0 0 0 0 0 0 0 0 0 0 0 0 0 0 0 0 0 0 0 0 0 0 0 0 0 0 0 0 0 0 0 0 0 0 0 0 0 0 0 0 0 0 0 0 0 0 0 0 0 0 0 0 0 0 0 0 0 0 0
2.414020462675776 0.06646926903728997 0.02753467506386145 10000 0 4 4 9 23 26 27 49 45 69 131 159 239 295 413 510 578 704 743 703 673 619 507 415 332 298 226 165 137 123 90 84 72 48 33 34 22 22 20 13 13 11 8 5 4 5 6 3 1 1 0 0 1 3 1 0 0 0 1 0 0 0 1 0 0 0 0 0 0 0 0 0 0 0 0 0 0 0 0 0 0 0 0 0 0 0 0 0 0 0 0 0 0 0 0 0 0 0 0 0
3.5134152618195276 0.15007576960278135 0.04271506736868334 10000 4 9 41 109 247 695 1340 1979 2041 1399 780 390 219 142 77 56 33 18 10 10 1 5 1 3 0 5 0 0 0 0 0 0 0 0 0 0 0 0 0 0 0 0 0 0 0 0 0 0 0 0 0 0 0 0 0 0 0 0 0 0 0 0 0 0 0 0 0 0 0 0 0 0 0 0 0 0 0 0 0 0 0 0 0 0 0 0 0 0 0 0 0 0 0 0 0 0 0 0 0 0
2.307137728508036 0.14961620990684404 0.06484927538487129 10000 5 12 12 23 72 166 353 708 1138 1507 1366 1091 687 473 248 169 103 80 48 25 21 16 11 6 8 1 1 1 0 0 0 0 0 0 0 0 0 0 0 0 0 0 0 0 0 0 0 0 0 0 0 0 0 0 0 0 0 0 0 0 0 0 0 0 0 0 0 0 0 0 0 0 0 0 0 0 0 0 0 0 0 0 0 0 0 0 0 0 0 0 0 0 0 0 0 0 0 0 0 0
2.6495238059016826 0.20980293693325536 0.0791851488429467 10000 12 43 139 407 996 1965 2193 1462 809 423 188 117 59 26 15 6 4 2 2 0 2 1 0 0 0 0 0 0 0 0 0 0 0 0 0 0 0 0 0 0 0 0 0 0 0 0 0 0 0 0 0 0 0 0 0 0 0 0 0 0 0 0 0 0 0 0 0 0 0 0 0 0 0 0 0 0 0 0 0 0 0 0 0 0 0 0 0 0 0 0 0 0 0 0 0 0 0 0 0 0
2.7979577823112947 0.019900717926870263 0.0071125869206042774 10000 0 0 0 0 0 0 0 0 0 1 0 1 0 1 0 0 0 0 0 0 2 0 1 2 1 1 1 2 0 1 5 2 5 3 8 8 8 10 9 12 14 19 10 17 24 20 27 25 37 45 43 47 54 62 57 85 100 79 103 107 131 140 161 146 175 174 206 201 193 235 236 238 235 224 235 250 230 253 238 237 230 218 230 208 203 182 185 147 173 154 142 138 118 113 103 104 96 91 77 87
2.7140481320439256 0.03098441071760819 0.011416308484652445 10000 0 0 1 0 2 2 2 3 1 3 3 1 5 4 6 8 11 7 17 22 14 15 21 32 31 37 50 54 82 88 102 122 135 168 169 219 271 273 282 307 350 365 381 374 385 342 368 382 340 309 264 276 245 212 211 170 143 133 142 129 110 88 102 92 58 49 41 41 44 32 37 28 31 15 32 22 14 13 18 12 12 14 10 7 9 7 8 5 6 5 8 6 5 3 5 5 1 5 2 2
1.8435338840059292 0.015665004056290115 0.008497269397756147 10000 2 1 0 1 3 3 0 0 0 2 0 1 3 1 5 0 1 3 6 3 6 5 2 7 4 6 2 5 7 7 11 9 9 12 8 16 10 16 16 14 17 16 11 16 17 20 25 25 28 27 20 34 32 42 46 59 54 45 58 41 42 63 66 62 65 80 76 86 69 80 86 81 84 97 94 98 104 118 116 119 109 122 104 111 105 114 122 96 122 142 111 116 110 140 116 113 126 117 92 104
3.9919889553867405 0.2669223373714462 0.06686449796191558 10000 27 178 794 2960 3679 1413 411 152 57 33 15 7 8 0 3 1 0 0 0 0 0 0 0 0 0 0 0 0 0 0 0 0 0 0 0 0 0 0 0 0 0 0 0 0 0 0 0 0 0 0 0 0 0 0 0 0 0 0 0 0 0 0 0 0 0 0 0 0 0 0 0 0 0 0 0 0 0 0 0 0 0 0 0 0 0 0 0 0 0 0 0 0 0 0 0 0 0 0 0 0
3.3184654821791932 0.21519446608054618 0.06484758308808165 10000 6 47 148 590 1652 2818 2251 1065 470 202 106 39 23 15 1 5 1 1 0 1 0 0 0 0 0 0 0 0 0 0 0 0 0 0 0 0 0 0 0 0 0 0 0 0 0 0 0 0 0 0 0 0 0 0 0 0 0 0 0 0 0 0 0 0 0 0 0 0 0 0 0 0 0 0 0 0 0 0 0 0 0 0 0 0 0 0 0 0 0 0 0 0 0 0 0 0 0 0 0 0
3.5965154825371872 0.06848120354507509 0.01904098672105939 10000 1 5 6 7 9 12 24 44 82 131 194 294 471 658 854 1075 1052 1010 917 711 558 423 298 228 142 106 89 70 44 37 25 26 22 20 14 10 13 4 6 3 4 1 3 1 1 3 0 0 1 0 2 1 0 0 0 0 0 0 1 0 0 0 0 0 0 0 0 0 0 0 0 0 0 0 0 0 0 0 0 0 0 0 0 0 0 0 0 0 0 0 0 0 0 0 0 0 0 0 0 0
3.264014441834249 0.27254286323594085 0.08349928227731197 10000 18 141 497 2000 3493 2042 759 295 114 46 22 15 4 2 0 0 0 0 0 0 0 0 0 0 0 0 0 0 0 0 0 0 0 0 0 0 0 0 0 0 0 0 0 0 0 0 0 0 0 0 0 0 0 0 0 0 0 0 0 0 0 0 0 0 0 0 0 0 0 0 0 0 0 0 0 0 0 0 0 0 0 0 0 0 0 0 0 0 0 0 0 0 0 0 0 0 0 0 0 0
3.19341174031029 0.10902163909380685 0.03413954978546352 10000 2 2 3 4 8 22 38 50 125 254 544 878 1346 1609 1400 1106 702 482 312 205 109 74 58 43 36 19 20 7 7 3 4 2 4 1 0 0 1 1 0 1 0 0 0 0 0 0 0 0 0 0 0 0 0 0 0 0 0 0 0 0 0 0 0 0 0 0 0 0 0 0 0 0 0 0 0 0 0 0 0 0 0 0 0 0 0 0 0 0 0 0 0 0 0 0 0 0 0 0 0 0
1.962416585225129 0.13972202741146425 0.07119896379974555 10000 1 14 22 37 80 130 201 312 549 760 927 963 912 760 581 392 290 185 123 86 61 38 26 16 6 4 5 1 4 1 5 2 2 0 0 0 0 0 0 0 0 0 0 0 0 0 0 0 0 0 0 0 0 0 0 0 0 0 0 0 0 0 0 0 0 0 0 0 0 0 0 0 0 0 0 0 0 0 0 0 0 0 0 0 0 0 0 0 0 0 0 0 0 0 0 0 0 0 0 0
3.882590084776533 0.0758179325009786 0.019527668604073713 10000 1 0 0 0 0 5 2 6 19 21 60 91 139 200 315 525 712 1001 1163 1212 1109 803 616 511 332 228 177 123 81 63 45 34 39 15 17 19 15 9 7 13 9 6 5 4 2 0 1 0 0 0 1 2 1 0 0 1 2 0 0 0 0 0 0 0 0 0 0 0 0 0 0 0 0 0 0 0 0 0 0 0 0 0 0 0 0 0 0 0 0 0 0 0 0 0 0 0 0 0 0 0
3.738136583699954 0.11508470102330032 0.03078664956361523 10000 8 8 14 24 69 162 336 620 1188 1624 1828 1416 924 591 354 188 133 76 54 43 19 17 16 4 8 3 2 2 2 2 0 1 0 0 0 1 0 0 0 0 0 0 0 0 0 0 0 0 0 0 0 0 0 0 0 0 0 0 0 0 0 0 0 0 0 0 0 0 0 0 0 0 0 0 0 0 0 0 0 0 0 0 0 0 0 0 0 0 0 0 0 0 0 0 0 0 0 0 0 0
3.9873274807572567 0.166061366402421 0.041647285607673064 10000 4 15 29 82 285 814 1839 2685 2018 1051 447 216 124 69 25 26 18 14 2 6 2 5 2 0 0 0 0 0 0 0 0 0 0 0 0 0 0 0 0 0 0 0 0 0 0 0 0 0 0 0 0 0 0 0 0 0 0 0 0 0 0 0 0 0 0 0 0 0 0 0 0 0 0 0 0 0 0 0 0 0 0 0 0 0 0 0 0 0 0 0 0 0 0 0 0 0 0 0 0 0
2.313471864005665 0.17303651417051774 0.07479516689298021 10000 10 21 51 113 307 657 1170 1686 1542 1155 689 410 250 136 81 47 28 21 12 4 2 6 5 2 1 0 0 0 0 0 0 0 0 0 0 0 0 0 0 0 0 0 0 0 0 0 0 0 0 0 0 0 0 0 0 0 0 0 0 0 0 0 0 0 0 0 0 0 0 0 0 0 0 0 0 0 0 0 0 0 0 0 0 0 0 0 0 0 0 0 0 0 0 0 0 0 0 0 0 0
3.9461849809757945 0.1498309266526169 0.037968551239979484 10000 12 53 163 379 991 1981 2431 1759 924 465 259 142 82 42 29 16 15 3 3 3 0 1 1 0 0 0 0 0 0 0 0 0 0 0 0 0 0 0 0 0 0 0 0 0 0 0 0 0 0 0 0 0 0 0 0 0 0 0 0 0 0 0 0 0 0 0 0 0 0 0 0 0 0 0 0 0 0 0 0 0 0 0 0 0 0 0 0 0 0 0 0 0 0 0 0 0 0 0 0 0
2.503748334963042 0.16876701046781017 0.06740574046963924 10000 3 10 32 66 94 197 520 1074 1717 1797 1329 853 438 265 167 106 59 36 19 10 7 1 1 2 3 0 0 0 0 0 0 0 0 0 0 0 0 0 0 0 0 0 0 0 0 0 0 0 0 0 0 0 0 0 0 0 0 0 0 0 0 0 0 0 0 0 0 0 0 0 0 0 0 0 0 0 0 0 0 0 0 0 0 0 0 0 0 0 0 0 0 0 0 0 0 0 0 0 0 0
2.2545908525864635 0.1318941949910184 0.05850027948073574 10000 2 0 10 18 29 51 108 170 233 391 718 1030 1187 1173 928 735 500 316 201 154 114 71 42 22 19 12 7 9 3 1 1 1 1 0 0 0 0 0 0 0 0 0 0 0 0 0 0 0 0 0 0 0 0 0 0 0 0 0 0 0 0 0 0 0 0 0 0 0 0 0 0 0 0 0 0 0 0 0 0 0 0 0 0 0 0 0 0 0 0 0 0 0 0 0 0 0 0 0 0 0
1.5479876465865101 0.08171020367533652 0.05278479053467698 10000 0 2 0 0 0 0 0 5 1 2 4 13 11 9 9 13 26 22 28 48 55 116 115 151 174 201 210 268 294 272 251 308 300 285 249 291 258 217 211 178 159 139 134 103 88 62 51 45 38 24 22 16 19 21 11 17 6 9 3 5 3 2 2 3 4 2 0 2 0 1 0 0 0 0 0 0 0 0 0 0 0 0 0 0 0 0 0 0 0 0 0 0 0 0 0 0 0 0 0 0
2.578756052726474 0.22538978089983225 0.08740252132865826 10000 2 10 57 170 555 1429 2217 2122 1202 557 262 120 57 30 14 14 3 3 0 0 0 0 0 0 0 0 0 0 0 0 0 0 0 0 0 0 0 0 0 0 0 0 0 0 0 0 0 0 0 0 0 0 0 0 0 0 0 0 0 0 0 0 0 0 0 0 0 0 0 0 0 0 0 0 0 0 0 0 0 0 0 0 0 0 0 0 0 0 0 0 0 0 0 0 0 0 0 0 0 0
3.374172662672696 0.013633920006060887 0.004040670519587875 10000 0 0 0 1 0 0 0 0 0 0 0 0 0 0 0 0 0 0 0 0 0 0 0 1 2 0 2 0 0 1 1 0 0 0 0 0 1 0 0 1 0 2 0 0 2 1 0 0 0 0 0 0 2 2 0 0 2 0 1 0 1 1 2 1 3 3 1 5 4 6 1 6 5 5 2 5 6 3 5 3 10 10 9 17 9 13 11 13 20 16 18 17 20 27 33 42 35 34 41 39
3.235070275919952 0.12327497899983016 0.0381058117708972 10000 1 6 13 32 85 151 327 623 1052 1518 1818 1364 936 571 340 235 127 93 66 36 23 24 14 11 9 7 2 5 3 3 1 1 0 0 0 0 0 0 0 0 0 0 0 0 0 0 0 0 0 0 0 0 0 0 0 0 0 0 0 0 0 0 0 0 0 0 0 0 0 0 0 0 0 0 0 0 0 0 0 0 0 0 0 0 0 0 0 0 0 0 0 0 0 0 0 0 0 0 0 0
2.2200212636231442 0.053774510017836605 0.024222520251934398 10000 2 2 1 3 3 2 3 15 13 16 19 31 28 54 56 90 107 137 190 227 261 334 381 451 478 478 541 522 514 453 429 387 302 309 235 184 166 131 131 98 92 78 61 42 46 44 27 22 15 16 16 17 19 12 10 9 4 8 5 1 3 3 1 0 4 1 1 2 2 1 1 2 2 3 0 0 0 0 0 0 0 0 0 0 0 0 0 0 0 0 0 0 0 0 0 0 0 0 0 0
2.6511500825534693 0.25879681677557653 0.09761681108838434 10000 18 53 94 465 1384 2569 2210 1153 467 187 100 40 29 12 7 1 2 0 0 0 0 0 0 0 0 0 0 0 0 0 0 0 0 0 0 0 0 0 0 0 0 0 0 0 0 0 0 0 0 0 0 0 0 0 0 0 0 0 0 0 0 0 0 0 0 0 0 0 0 0 0 0 0 0 0 0 0 0 0 0 0 0 0 0 0 0 0 0 0 0 0 0 0 0 0 0 0 0 0 0
3.118681383448222 0.228179013376109 0.07316522123328259 10000 6 17 115 456 1524 2967 2377 1136 451 171 79 49 16 11 6 3 0 0 0 0 0 0 0 0 0 0 0 0 0 0 0 0 0 0 0 0 0 0 0 0 0 0 0 0 0 0 0 0 0 0 0 0 0 0 0 0 0 0 0 0 0 0 0 0 0 0 0 0 0 0 0 0 0 0 0 0 0 0 0 0 0 0 0 0 0 0 0 0 0 0 0 0 0 0 0 0 0 0 0 0
1.5675818282852265 0.08963308712555257 0.057179207814370976 10000 3 7 5 7 14 20 10 14 13 23 36 30 57 53 75 57 113 124 169 213 246 285 377 382 399 335 351 318 297 267 233 188 153 150 120 99 63 59 41 48 44 32 30 17 21 22 9 8 4 3 5 3 2 4 0 1 0 2 0 0 0 0 0 0 0 0 0 0 0 0 0 0 0 0 0 0 0 0 0 0 0 0 0 0 0 0 0 0 0 0 0 0 0 0 0 0 0 0 0 0
1.7050861255032361 0.09088668311931244 0.05330327996920878 10000 1 2 4 6 16 34 49 66 78 104 188 191 253 320 397 442 491 582 567 517 477 387 328 266 241 210 172 103 97 62 60 38 23 30 18 13 8 5 10 6 6 5 3 6 2 5 5 1 0 0 1 2 1 7 3 3 3 0 0 0 0 0 0 0 0 0 0 0 0 0 0 0 0 0 0 0 0 0 0 0 0 0 0 0 0 0 0 0 0 0 0 0 0 0 0 0 0 0 0 0
3.502435466532244 0.140302482926667 0.040058549048893756 10000 7 34 77 195 411 877 1714 2032 1782 1061 628 336 193 119 52 40 32 14 7 8 8 3 3 2 1 0 0 1 0 1 0 0 0 1 1 0 0 0 0 0 0 0 0 0 0 0 0 0 0 0 0 0 0 0 0 0 0 0 0 0 0 0 0 0 0 0 0 0 0 0 0 0 0 0 0 0 0 0 0 0 0 0 0 0 0 0 0 0 0 0 0 0 0 0 0 0 0 0 0 0
2.6888458303568736 0.13035861839476034 0.048481254270148565 10000 1 8 11 16 58 146 297 634 1095 1519 1608 1292 886 577 354 218 134 81 66 46 32 15 10 7 4 2 2 2 0 3 0 0 0 0 0 0 0 0 0 0 0 0 0 0 0 0 0 0 0 0 0 0 0 0 0 0 0 0 0 0 0 0 0 0 0 0 0 0 0 0 0 0 0 0 0 0 0 0 0 0 0 0 0 0 0 0 0 0 0 0 0 0 0 0 0 0 0 0 0 0
3.885403591424505 0.3845201116524383 0.09896529475113337 10000 23 421 2984 4686 1264 258 63 22 6 6 1 0 0 0 0 0 0 0 0 0 0 0 0 0 0 0 0 0 0 0 0 0 0 0 0 0 0 0 0 0 0 0 0 0 0 0 0 0 0 0 0 0 0 0 0 0 0 0 0 0 0 0 0 0 0 0 0 0 0 0 0 0 0 0 0 0 0 0 0 0 0 0 0 0 0 0 0 0 0 0 0 0 0 0 0 0 0 0 0 0
2.406381686642112 0.10760404001290155 0.04471611490821028 10000 7 10 11 25 48 52 125 201 325 537 827 1016 1176 1207 933 687 449 323 209 184 117 80 53 42 32 28 18 10 7 5 5 3 0 2 0 0 0 0 0 0 0 0 0 0 0 0 0 0 0 0 0 0 0 0 0 0 0 0 0 0 0 0 0 0 0 0 0 0 0 0 0 0 0 0 0 0 0 0 0 0 0 0 0 0 0 0 0 0 0 0 0 0 0 0 0 0 0 0 0 0
3.2647747972819756 0.012240623930334812 0.003749301158697226 10000 0 0 0 0 0 0 0 1 0 0 0 0 0 0 0 0 0 0 2 2 0 1 0 0 1 1 1 2 3 0 1 2 3 2 6 5 2 3 7 8 5 3 6 5 13 8 8 10 13 5 13 11 15 14 22 20 18 20 22 17 28 30 33 31 38 45 44 44 37 49 53 49 48 56 53 74 69 73 79 73 82 105 82 93 93 103 130 131 119 139 152 153 184 170 154 174 151 170 184 173
3.1485572668313853 0.18868572313148427 0.059927677072671444 10000 0 3 6 39 87 326 959 2035 2472 1725 888 420 192 113 65 37 18 9 5 1 3 0 2 0 0 0 0 0 0 0 0 0 0 0 0 0 0 0 0 0 0 0 0 0 0 0 0 0 0 0 0 0 0 0 0 0 0 0 0 0 0 0 0 0 0 0 0 0 0 0 0 0 0 0 0 0 0 0 0 0 0 0 0 0 0 0 0 0 0 0 0 0 0 0 0 0 0 0 0 0
2.367419580969381 0.2334134321853876 0.09859402788660404 10000 1 3 6 14 72 369 1131 2202 2218 1363 623 273 160 91 38 21 3 6 0 0 0 0 0 0 0 0 0 0 0 0 0 0 0 0 0 0 0 0 0 0 0 0 0 0 0 0 0 0 0 0 0 0 0 0 0 0 0 0 0 0 0 0 0 0 0 0 0 0 0 0 0 0 0 0 0 0 0 0 0 0 0 0 0 0 0 0 0 0 0 0 0 0 0 0 0 0 0 0 0 0
3.477563711213814 0.09779433815898694 0.02812150869979393 10000 2 2 7 15 12 29 71 128 243 412 762 1014 1382 1397 1185 977 625 436 290 180 116 98 80 48 44 26 22 17 6 9 6 9 6 2 2 0 0 1 2 0 1 0 1 2 0 0 0 0 0 0 0 0 0 0 0 0 0 0 0 0 0 0 0 0 0 0 0 0 0 0 0 0 0 0 0 0 0 0 0 0 0 0 0 0 0 0 0 0 0 0 0 0 0 0 0 0 0 0 0 0
1.7148284970944294 0.10526762277138965 0.06138667683080435 10000 1 4 1 5 11 15 12 10 22 21 42 66 86 123 172 229 337 412 469 564 580 574 526 418 388 292 237 196 131 126 89 67 40 38 29 7 4 7 5 1 2 2 2 2 0 0 0 0 0 0 0 0 0 0 0 0 0 0 0 0 0 0 0 0 0 0 0 0 0 0 0 0 0 0 0 0 0 0 0 0 0 0 0 0 0 0 0 0 0 0 0 0 0 0 0 0 0 0 0 0
3.9035173426670466 0.2143747322917586 0.05491835016295555 10000 2 14 114 574 1992 3298 2178 928 337 159 80 36 14 10 10 2 1 2 0 0 0 0 0 0 0 0 0 0 0 0 0 0 0 0 0 0 0 0 0 0 0 0 0 0 0 0 0 0 0 0 0 0 0 0 0 0 0 0 0 0 0 0 0 0 0 0 0 0 0 0 0 0 0 0 0 0 0 0 0 0 0 0 0 0 0 0 0 0 0 0 0 0 0 0 0 0 0 0 0 0
1.9545770856697633 0.1725598790743925 0.08828502101019077 10000 2 7 28 63 144 279 493 813 1085 1126 1091 803 531 364 219 126 65 45 32 22 7 5 4 1 2 1 4 3 0 3 0 1 0 1 0 0 0 0 0 0 0 0 0 0 0 0 0 0 0 0 0 0 0 0 0 0 0 0 0 0 0 0 0 0 0 0 0 0 0 0 0 0 0 0 0 0 0 0 0 0 0 0 0 0 0 0 0 0 0 0 0 0 0 0 0 0 0 0 0 0
2.2309226573762984 0.13529059483304093 0.06064333713484759 10000 7 10 14 20 50 89 143 256 518 768 1068 1364 1270 913 688 429 266 140 119 60 51 33 14 20 11 7 5 2 0 0 0 0 0 0 0 0 0 0 0 0 0 0 0 0 0 0 0 0 0 0 0 0 0 0 0 0 0 0 0 0 0 0 0 0 0 0 0 0 0 0 0 0 0 0 0 0 0 0 0 0 0 0 0 0 0 0 0 0 0 0 0 0 0 0 0 0 0 0 0 0
1.591743148752118 0.05348834318765459 0.033603627086184064 10000 5 2 5 7 6 6 8 18 21 23 25 44 28 30 37 44 50 68 68 90 123 124 164 150 159 181 215 253 263 248 292 297 278 291 248 247 247 204 209 170 181 146 147 119 88 88 86 66 76 50 55 32 39 33 33 30 21 23 21 11 10 7 13 6 5 6 6 4 1 4 2 2 2 3 4 2 1 3 1 3 0 0 0 0 0 0 0 0 0 0 0 0 0 0 0 0 0 0 0 0
2.5684427751044545 0.24707366194613362 0.09619589906420459 10000 6 27 70 247 856 2077 2655 1595 743 303 138 56 23 14 8 7 3 1 0 0 0 0 0 0 0 0 0 0 0 0 0 0 0 0 0 0 0 0 0 0 0 0 0 0 0 0 0 0 0 0 0 0 0 0 0 0 0 0 0 0 0 0 0 0 0 0 0 0 0 0 0 0 0 0 0 0 0 0 0 0 0 0 0 0 0 0 0 0 0 0 0 0 0 0 0 0 0 0 0 0
1.0910144725200683 0.01792934159856405 0.01643364231195774 10000 1 0 0 2 1 0 1 0 0 0 0 3 1 2 0 0 2 1 3 0 4 0 4 5 1 1 3 6 5 6 6 4 6 9 6 4 3 2 3 1 2 8 5 2 2 7 3 4 6 7 5 10 7 3 4 7 2 4 0 3 1 4 5 5 9 2 2 1 4 2 1 1 1 7 2 1 3 0 1 3 3 2 4 4 1 2 4 5 0 3 4 2 0 1 0 1 3 2 0 1
3.6822443989808535 0.2878514975066309 0.07817283871388343 10000 4 11 65 313 1596 4126 2519 715 184 76 36 17 9 3 1 4 1 2 0 0 0 0 0 0 0 0 0 0 0 0 0 0 0 0 0 0 0 0 0 0 0 0 0 0 0 0 0 0 0 0 0 0 0 0 0 0 0 0 0 0 0 0 0 0 0 0 0 0 0 0 0 0 0 0 0 0 0 0 0 0 0 0 0 0 0 0 0 0 0 0 0 0 0 0 0 0 0 0 0 0
3.6404648000738455 0.3572499932696182 0.09813307170622046 10000 23 262 2370 4884 1616 346 90 35 21 3 1 1 0 0 0 0 0 0 0 0 0 0 0 0 0 0 0 0 0 0 0 0 0 0 0 0 0 0 0 0 0 0 0 0 0 0 0 0 0 0 0 0 0 0 0 0 0 0 0 0 0 0 0 0 0 0 0 0 0 0 0 0 0 0 0 0 0 0 0 0 0 0 0 0 0 0 0 0 0 0 0 0 0 0 0 0 0 0 0 0
2.0439719230242677 0.15437763703389204 0.07552825716190581 10000 3 6 6 6 33 47 97 198 419 754 1036 1206 1116 968 651 450 286 145 98 55 36 16 11 9 6 2 0 0 0 0 0 0 0 0 0 0 0 0 0 0 0 0 0 0 0 0 0 0 0 0 0 0 0 0 0 0 0 0 0 0 0 0 0 0 0 0 0 0 0 0 0 0 0 0 0 0 0 0 0 0 0 0 0 0 0 0 0 0 0 0 0 0 0 0 0 0 0 0 0 0
1.9022693023625576 0.02538591629369515 0.013345069629293105 10000 0 1 0 3 1 0 3 2 2 2 1 3 4 7 5 6 5 4 5 13 4 13 10 23 14 16 17 30 27 24 44 39 48 54 57 68 73 80 94 122 109 136 152 156 159 176 174 203 183 194 202 188 201 207 190 182 191 202 190 188 187 165 175 160 168 126 124 145 115 109 100 92 96 98 84 68 73 63 59 54 55 47 45 42 38 37 32 30 30 31 25 26 17 22 16 21 23 13 10 10
2.8233191266361293 0.052133595283411764 0.01846535688848141 10000 1 1 6 8 13 19 29 45 53 64 90 118 196 250 321 370 456 550 586 583 634 637 629 569 514 428 347 304 234 223 179 118 100 96 68 57 45 46 37 37 22 20 14 24 8 9 11 9 9 8 1 3 0 6 2 2 0 0 1 0 0 0 1 0 2 0 0 2 1 0 0 0 0 0 0 0 0 0 1 0 0 0 0 0 0 0 0 0 0 0 0 0 0 0 0 0 0 0 0 0
2.4196900430801924 0.023587245965519976 0.00974804439641952 10000 0 0 0 1 0 0 0 0 0 0 4 1 3 2 2 4 8 4 3 5 12 8 9 11 9 9 19 16 27 23 31 24 30 39 45 55 60 74 73 93 94 109 114 138 148 155 192 207 203 221 221 213 232 246 302 303 253 283 257 281 264 234 275 225 227 198 190 180 170 172 137 141 150 104 104 92 84 79 60 61 51 49 52 54 36 31 34 38 25 21 23 18 18 18 11 18 22 26 18 8
1.6269404662774305 0.12945678752568723 0.07957069739736371 10000 3 2 14 15 24 43 70 101 176 214 280 376 490 508 513 560 471 408 295 261 218 142 125 101 69 59 59 45 26 11 14 8 4 6 4 7 3 4 1 2 0 1 0 0 0 0 0 0 0 0 0 0 0 0 0 0 0 0 0 0 0 0 0 0 0 0 0 0 0 0 0 0 0 0 0 0 0 0 0 0 0 0 0 0 0 0 0 0 0 0 0 0 0 0 0 0 0 0 0 0
3.309520927688658 0.21138321034761284 0.06387124147761203 10000 18 99 350 1267 2745 2662 1329 541 230 122 56 35 12 12 6 4 2 0 1 0 0 0 0 0 0 0 0 0 0 0 0 0 0 0 0 0 0 0 0 0 0 0 0 0 0 0 0 0 0 0 0 0 0 0 0 0 0 0 0 0 0 0 0 0 0 0 0 0 0 0 0 0 0 0 0 0 0 0 0 0 0 0 0 0 0 0 0 0 0 0 0 0 0 0 0 0 0 0 0 0
3.4093772274270777 0.12492464327201111 0.03664148462864193 10000 0 3 5 13 39 104 259 496 974 1618 1839 1501 1041 624 359 194 138 109 66 47 19 14 16 11 12 7 6 3 0 0 2 0 1 0 0 1 1 0 0 0 0 0 0 0 0 0 0 0 0 0 0 0 0 0 0 0 0 0 0 0 0 0 0 0 0 0 0 0 0 0 0 0 0 0 0 0 0 0 0 0 0 0 0 0 0 0 0 0 0 0 0 0 0 0 0 0 0 0 0 0
3.7257375340065213 0.1539682576113592 0.04132557814554033 10000 1 1 5 14 38 83 268 789 1772 2469 1973 1077 577 267 138 90 48 32 14 4 10 6 3 2 2 4 0 2 1 1 0 0 0 0 0 0 0 0 0 0 0 0 0 0 0 0 0 0 0 0 0 0 0 0 0 0 0 0 0 0 0 0 0 0 0 0 0 0 0 0 0 0 0 0 0 0 0 0 0 0 0 0 0 0 0 0 0 0 0 0 0 0 0 0 0 0 0 0 0 0
3.5735534599882395 0.30134217802313323 0.08432563872267493 10000 1 13 72 519 2404 3921 1867 495 195 71 33 14 4 2 3 1 0 0 0 0 0 0 0 0 0 0 0 0 0 0 0 0 0 0 0 0 0 0 0 0 0 0 0 0 0 0 0 0 0 0 0 0 0 0 0 0 0 0 0 0 0 0 0 0 0 0 0 0 0 0 0 0 0 0 0 0 0 0 0 0 0 0 0 0 0 0 0 0 0 0 0 0 0 0 0 0 0 0 0 0
2.9302566481111354 0.17692836838015444 0.06037981979981301 10000 6 20 24 72 182 529 1125 1922 2090 1481 824 419 203 131 54 42 27 12 13 5 2 0 3 1 1 0 0 0 0 0 0 0 0 0 0 0 0 0 0 0 0 0 0 0 0 0 0 0 0 0 0 0 0 0 0 0 0 0 0 0 0 0 0 0 0 0 0 0 0 0 0 0 0 0 0 0 0 0 0 0 0 0 0 0 0 0 0 0 0 0 0 0 0 0 0 0 0 0 0 0
3.9547920245695853 0.2744265942869152 0.06939090414413943 10000 3 18 126 931 3365 3466 1207 385 119 61 29 17 9 3 1 0 1 0 2 0 0 0 0 0 0 0 0 0 0 0 0 0 0 0 0 0 0 0 0 0 0 0 0 0 0 0 0 0 0 0 0 0 0 0 0 0 0 0 0 0 0 0 0 0 0 0 0 0 0 0 0 0 0 0 0 0 0 0 0 0 0 0 0 0 0 0 0 0 0 0 0 0 0 0 0 0 0 0 0 0
2.5891232317654245 0.13545577216765917 0.052317236393301 10000 3 4 12 23 45 104 208 395 695 1161 1409 1358 1137 793 547 355 219 128 86 58 33 25 19 11 10 9 3 4 4 3 3 0 0 0 0 0 0 0 0 0 0 0 0 0 0 0 0 0 0 0 0 0 0 0 0 0 0 0 0 0 0 0 0 0 0 0 0 0 0 0 0 0 0 0 0 0 0 0 0 0 0 0 0 0 0 0 0 0 0 0 0 0 0 0 0 0 0 0 0 0
3.152055708023609 0.2706169059958137 0.08585410001065462 10000 3 30 128 631 2145 3218 1943 728 310 122 42 22 16 6 7 2 0 0 0 0 0 0 0 0 0 0 0 0 0 0 0 0 0 0 0 0 0 0 0 0 0 0 0 0 0 0 0 0 0 0 0 0 0 0 0 0 0 0 0 0 0 0 0 0 0 0 0 0 0 0 0 0 0 0 0 0 0 0 0 0 0 0 0 0 0 0 0 0 0 0 0 0 0 0 0 0 0 0 0 0
3.9997719060312025 0.036010850137798346 0.009003225929833165 10000 0 0 0 0 0 1 0 1 1 0 2 2 3 2 4 8 10 2 8 7 13 19 19 16 40 46 51 62 96 122 130 138 219 252 332 355 419 520 519 565 637 595 571 509 473 417 343 309 294 246 198 183 151 119 106 80 65 60 51 39 34 41 31 26 24 17 22 14 14 9 4 12 7 8 5 3 5 4 2 7 5 3 3 3 1 1 2 0 3 3 2 4 1 2 1 1 1 1 4 1
3.6802213469046823 0.20127099944915217 0.054689916849277244 10000 1 19 63 213 789 2215 3146 1792 753 330 144 70 41 28 8 2 5 2 3 0 0 2 0 0 0 0 0 0 0 0 0 0 0 0 0 0 0 0 0 0 0 0 0 0 0 0 0 0 0 0 0 0 0 0 0 0 0 0 0 0 0 0 0 0 0 0 0 0 0 0 0 0 0 0 0 0 0 0 0 0 0 0 0 0 0 0 0 0 0 0 0 0 0 0 0 0 0 0 0 0
2.137479909880332 0.07242272291476222 0.03388229408847022 10000 3 1 0 4 2 6 1 13 12 4 14 35 34 35 61 88 104 169 218 260 377 460 520 576 624 630 594 561 487 414 324 267 220 203 141 117 93 86 62 60 49 33 32 15 23 20 13 12 9 5 7 5 2 3 1 0 1 1 0 3 0 0 1 0 2 1 0 0 0 1 0 0 0 0 0 0 0 0 0 0 0 0 0 0 0 0 0 0 0 0 0 0 0 0 0 0 0 0 0 0
1.5010313353900469 0.03352555758682671 0.022335015130190476 10000 0 0 0 1 3 2 1 0 3 5 1 2 4 5 5 3 5 4 3 9 8 14 11 9 23 20 30 28 29 35 47 44 49 62 74 87 100 102 107 111 121 125 129 153 141 162 146 165 146 140 161 174 199 157 158 136 122 132 145 110 106 122 120 96 100 92 82 78 70 81 59 82 67 40 48 52 53 41 36 35 36 42 23 28 24 20 20 19 11 21 17 8 14 3 13 8 10 4 8 10
2.3644156487285857 0.23585696646555965 0.09975275142185204 10000 6 13 63 189 518 1329 2104 1954 1183 572 259 131 73 33 7 12 3 2 3 1 0 0 0 0 0 0 0 0 0 0 0 0 0 0 0 0 0 0 0 0 0 0 0 0 0 0 0 0 0 0 0 0 0 0 0 0 0 0 0 0 0 0 0 0 0 0 0 0 0 0 0 0 0 0 0 0 0 0 0 0 0 0 0 0 0 0 0 0 0 0 0 0 0 0 0 0 0 0 0 0
3.517138676357352 0.21510160696927721 0.06115812504500241 10000 8 20 57 222 776 1917 2889 2033 941 384 172 77 47 26 20 5 8 5 3 0 1 0 0 0 1 0 1 1 1 0 0 0 0 0 0 0 0 0 0 0 0 0 0 0 0 0 0 0 0 0 0 0 0 0 0 0 0 0 0 0 0 0 0 0 0 0 0 0 0 0 0 0 0 0 0 0 0 0 0 0 0 0 0 0 0 0 0 0 0 0 0 0 0 0 0 0 0 0 0 0
3.8036836055306327 0.24167241581484653 0.06353641387613049 10000 15 48 216 1069 3109 3172 1285 468 164 92 38 21 9 6 3 0 1 2 0 0 0 0 0 0 0 0 0 0 0 0 0 0 0 0 0 0 0 0 0 0 0 0 0 0 0 0 0 0 0 0 0 0 0 0 0 0 0 0 0 0 0 0 0 0 0 0 0 0 0 0 0 0 0 0 0 0 0 0 0 0 0 0 0 0 0 0 0 0 0 0 0 0 0 0 0 0 0 0 0 0
2.7360596322428172 0.17404298600565596 0.06361081606360623 10000 4 6 52 133 330 915 1671 2044 1642 990 536 270 178 102 64 29 19 6 6 1 3 2 2 1 0 0 0 0 0 0 0 0 0 0 0 0 0 0 0 0 0 0 0 0 0 0 0 0 0 0 0 0 0 0 0 0 0 0 0 0 0 0 0 0 0 0 0 0 0 0 0 0 0 0 0 0 0 0 0 0 0 0 0 0 0 0 0 0 0 0 0 0 0 0 0 0 0 0 0 0
3.843035033212502 0.13152668233122225 0.03422468991162835 10000 2 2 10 16 40 107 219 534 1101 1795 2060 1666 965 536 286 162 99 57 46 17 18 14 6 2 2 9 1 3 4 2 1 0 1 0 0 0 0 0 0 0 0 0 0 0 0 0 0 0 0 0 0 0 0 0 0 0 0 0 0 0 0 0 0 0 0 0 0 0 0 0 0 0 0 0 0 0 0 0 0 0 0 0 0 0 0 0 0 0 0 0 0 0 0 0 0 0 0 0 0 0
